image_width: 640
image_height: 480
camera_name: camera
camera_matrix:
  rows: 3
  cols: 3
  data: [560.696845, 0, 320.483325, 0, 560.584662, 198.885698, 0, 0, 1]
distortion_model: plumb_bob
distortion_coefficients:
  rows: 1
  cols: 5
  data: [-0.028634, -0.013879, -0.001297, 0.001648, 0]
rectification_matrix:
  rows: 3
  cols: 3
  data: [1, 0, 0, 0, 1, 0, 0, 0, 1]
projection_matrix:
  rows: 3
  cols: 4
  data: [555.388855, 0, 320.918067, 0, 0, 556.206116, 197.722413, 0, 0, 0, 1, 0]